N_vals = [10000]
R = 250
tolerances = [N**(-1)] 
target = late
u_lo_target = 0.35
u_hi_target_list = [0.4  0.43 0.46 0.49 0.52 0.55 0.58 0.61 0.64 0.67 0.7  0.73 0.76 0.79
 0.82 0.85 0.88 0.91 0.94 0.97 1.  ]
identif = ['cross', 'cross', 'cross', 'cross', 'cross', 'cross']
dz_cross = [(0, 0), (0, 1), (0, 2), (1, 0), (1, 1), (1, 2)]
basis = cs
supp_z = [array([0, 1, 2])]
prop_z = [array([0.35, 0.6 , 0.7 ])]
f_z = [array([0.5, 0.4, 0.1])]
combinations = [(10000, 0.0001, 0.4), (10000, 0.0001, 0.43000000000000005), (10000, 0.0001, 0.46), (10000, 0.0001, 0.49), (10000, 0.0001, 0.52), (10000, 0.0001, 0.55), (10000, 0.0001, 0.5800000000000001), (10000, 0.0001, 0.61), (10000, 0.0001, 0.64), (10000, 0.0001, 0.67), (10000, 0.0001, 0.7), (10000, 0.0001, 0.73), (10000, 0.0001, 0.76), (10000, 0.0001, 0.79), (10000, 0.0001, 0.8200000000000001), (10000, 0.0001, 0.85), (10000, 0.0001, 0.88), (10000, 0.0001, 0.91), (10000, 0.0001, 0.9400000000000001), (10000, 0.0001, 0.97), (10000, 0.0001, 1.0)]
