N_vals = [25000, 50000]
R = 500
tolerances = [N**(-1)] 
target = late
u_lo_target = 0.35
u_hi_target_list = [0.4   0.425 0.45  0.475 0.5   0.525 0.55  0.575 0.6   0.625 0.65  0.675
 0.7   0.725 0.75  0.775 0.8   0.825 0.85  0.875 0.9   0.925 0.95  0.975]
identif = ['cross', 'cross', 'cross', 'cross', 'cross', 'cross']
dz_cross = [(0, 0), (0, 1), (0, 2), (1, 0), (1, 1), (1, 2)]
basis = cs
supp_z = [array([0, 1, 2])]
prop_z = [array([0.35, 0.6 , 0.7 ])]
f_z = [array([0.5, 0.4, 0.1])]
combinations = [(25000, 4e-05, 0.4), (25000, 4e-05, 0.42500000000000004), (25000, 4e-05, 0.45000000000000007), (25000, 4e-05, 0.4750000000000001), (25000, 4e-05, 0.5000000000000001), (25000, 4e-05, 0.5250000000000001), (25000, 4e-05, 0.5500000000000002), (25000, 4e-05, 0.5750000000000002), (25000, 4e-05, 0.6000000000000002), (25000, 4e-05, 0.6250000000000002), (25000, 4e-05, 0.6500000000000002), (25000, 4e-05, 0.6750000000000003), (25000, 4e-05, 0.7000000000000003), (25000, 4e-05, 0.7250000000000003), (25000, 4e-05, 0.7500000000000003), (25000, 4e-05, 0.7750000000000004), (25000, 4e-05, 0.8000000000000004), (25000, 4e-05, 0.8250000000000004), (25000, 4e-05, 0.8500000000000004), (25000, 4e-05, 0.8750000000000004), (25000, 4e-05, 0.9000000000000005), (25000, 4e-05, 0.9250000000000005), (25000, 4e-05, 0.9500000000000005), (25000, 4e-05, 0.9750000000000005), (25000, 2e-05, 0.4), (25000, 2e-05, 0.42500000000000004), (25000, 2e-05, 0.45000000000000007), (25000, 2e-05, 0.4750000000000001), (25000, 2e-05, 0.5000000000000001), (25000, 2e-05, 0.5250000000000001), (25000, 2e-05, 0.5500000000000002), (25000, 2e-05, 0.5750000000000002), (25000, 2e-05, 0.6000000000000002), (25000, 2e-05, 0.6250000000000002), (25000, 2e-05, 0.6500000000000002), (25000, 2e-05, 0.6750000000000003), (25000, 2e-05, 0.7000000000000003), (25000, 2e-05, 0.7250000000000003), (25000, 2e-05, 0.7500000000000003), (25000, 2e-05, 0.7750000000000004), (25000, 2e-05, 0.8000000000000004), (25000, 2e-05, 0.8250000000000004), (25000, 2e-05, 0.8500000000000004), (25000, 2e-05, 0.8750000000000004), (25000, 2e-05, 0.9000000000000005), (25000, 2e-05, 0.9250000000000005), (25000, 2e-05, 0.9500000000000005), (25000, 2e-05, 0.9750000000000005), (50000, 4e-05, 0.4), (50000, 4e-05, 0.42500000000000004), (50000, 4e-05, 0.45000000000000007), (50000, 4e-05, 0.4750000000000001), (50000, 4e-05, 0.5000000000000001), (50000, 4e-05, 0.5250000000000001), (50000, 4e-05, 0.5500000000000002), (50000, 4e-05, 0.5750000000000002), (50000, 4e-05, 0.6000000000000002), (50000, 4e-05, 0.6250000000000002), (50000, 4e-05, 0.6500000000000002), (50000, 4e-05, 0.6750000000000003), (50000, 4e-05, 0.7000000000000003), (50000, 4e-05, 0.7250000000000003), (50000, 4e-05, 0.7500000000000003), (50000, 4e-05, 0.7750000000000004), (50000, 4e-05, 0.8000000000000004), (50000, 4e-05, 0.8250000000000004), (50000, 4e-05, 0.8500000000000004), (50000, 4e-05, 0.8750000000000004), (50000, 4e-05, 0.9000000000000005), (50000, 4e-05, 0.9250000000000005), (50000, 4e-05, 0.9500000000000005), (50000, 4e-05, 0.9750000000000005), (50000, 2e-05, 0.4), (50000, 2e-05, 0.42500000000000004), (50000, 2e-05, 0.45000000000000007), (50000, 2e-05, 0.4750000000000001), (50000, 2e-05, 0.5000000000000001), (50000, 2e-05, 0.5250000000000001), (50000, 2e-05, 0.5500000000000002), (50000, 2e-05, 0.5750000000000002), (50000, 2e-05, 0.6000000000000002), (50000, 2e-05, 0.6250000000000002), (50000, 2e-05, 0.6500000000000002), (50000, 2e-05, 0.6750000000000003), (50000, 2e-05, 0.7000000000000003), (50000, 2e-05, 0.7250000000000003), (50000, 2e-05, 0.7500000000000003), (50000, 2e-05, 0.7750000000000004), (50000, 2e-05, 0.8000000000000004), (50000, 2e-05, 0.8250000000000004), (50000, 2e-05, 0.8500000000000004), (50000, 2e-05, 0.8750000000000004), (50000, 2e-05, 0.9000000000000005), (50000, 2e-05, 0.9250000000000005), (50000, 2e-05, 0.9500000000000005), (50000, 2e-05, 0.9750000000000005)]
